[38;2;15;45;40m[48;2;30;77;72m▀[0m[38;2;13;41;36m[48;2;23;64;59m▀[0m[38;2;9;32;27m[48;2;9;42;37m▀[0m[38;2;0;12;7m[48;2;130;142;140m▀[0m[38;2;45;60;56m[48;2;195;202;201m▀[0m[38;2;129;137;135m[48;2;128;137;135m▀[0m[38;2;163;168;166m[48;2;82;93;90m▀[0m[38;2;163;170;169m[48;2;75;86;84m▀[0m[38;2;140;148;148m[48;2;104;115;113m▀[0m[38;2;84;94;94m[48;2;156;168;167m▀[0m[38;2;14;18;14m[48;2;168;183;195m▀[0m[38;2;12;21;17m[48;2;187;184;197m▀[0m[38;2;75;97;97m[48;2;213;169;168m▀[0m[38;2;128;154;155m[48;2;204;111;110m▀[0m[38;2;153;176;177m[48;2;198;76;77m▀[0m[38;2;146;172;174m[48;2;198;86;86m▀[0m[38;2;106;133;135m[48;2;208;143;145m▀[0m[38;2;30;41;42m[48;2;209;208;210m▀[0m[38;2;0;0;0m[48;2;108;131;132m▀[0m[38;2;1;2;2m[48;2;0;0;0m▀[0m[38;2;0;0;0m[48;2;2;3;3m▀[0m[38;2;0;0;0m[48;2;0;1;1m▀[0m
[38;2;32;82;77m[48;2;4;35;29m▀[0m[38;2;13;57;52m[48;2;92;114;111m▀[0m[38;2;154;169;167m[48;2;202;206;206m▀[0m[38;2;181;188;188m[48;2;7;27;22m▀[0m[38;2;19;37;32m[48;2;1;19;14m▀[0m[38;2;0;7;1m[48;2;13;32;28m▀[0m[38;2;0;11;7m[48;2;13;31;24m▀[0m[38;2;0;12;6m[48;2;6;18;21m▀[0m[38;2;0;0;0m[48;2;17;25;16m▀[0m[38;2;0;0;0m[48;2;154;153;12m▀[0m[38;2;122;136;52m[48;2;225;216;0m▀[0m[38;2;214;125;48m[48;2;219;218;0m▀[0m[38;2;172;0;0m[48;2;208;147;10m▀[0m[38;2;172;0;0m[48;2;182;14;6m▀[0m[38;2;175;0;0m[48;2;182;1;2m▀[0m[38;2;175;0;0m[48;2;181;5;3m▀[0m[38;2;168;0;0m[48;2;181;5;5m▀[0m[38;2;184;24;24m[48;2;178;0;0m▀[0m[38;2;237;211;213m[48;2;178;13;13m▀[0m[38;2;127;154;156m[48;2;240;242;244m▀[0m[38;2;0;0;0m[48;2;66;82;83m▀[0m[38;2;2;3;3m[48;2;0;0;0m▀[0m
[38;2;4;24;19m[48;2;60;75;72m▀[0m[38;2;189;194;194m[48;2;193;198;196m▀[0m[38;2;79;95;92m[48;2;11;28;24m▀[0m[38;2;0;9;4m[48;2;7;24;20m▀[0m[38;2;11;29;25m[48;2;7;20;15m▀[0m[38;2;10;26;20m[48;2;5;15;14m▀[0m[38;2;2;12;15m[48;2;19;26;11m▀[0m[38;2;25;32;12m[48;2;180;178;8m▀[0m[38;2;188;184;8m[48;2;217;209;5m▀[0m[38;2;238;228;5m[48;2;207;202;5m▀[0m[38;2;219;212;6m[48;2;220;217;4m▀[0m[38;2;222;215;5m[48;2;220;217;3m▀[0m[38;2;227;236;2m[48;2;214;207;2m▀[0m[38;2;219;184;6m[48;2;212;222;1m▀[0m[38;2;186;19;3m[48;2;213;182;5m▀[0m[38;2;181;0;0m[48;2;185;15;3m▀[0m[38;2;182;2;0m[48;2;181;1;0m▀[0m[38;2;185;5;5m[48;2;186;3;1m▀[0m[38;2;174;0;0m[48;2;187;1;1m▀[0m[38;2;215;108;109m[48;2;193;16;16m▀[0m[38;2;181;212;213m[48;2;229;233;234m▀[0m[38;2;0;0;0m[48;2;39;50;51m▀[0m
[38;2;111;121;120m[48;2;136;148;148m▀[0m[38;2;151;157;156m[48;2;114;124;124m▀[0m[38;2;0;3;2m[48;2;0;0;0m▀[0m[38;2;8;17;14m[48;2;6;8;5m▀[0m[38;2;5;12;9m[48;2;0;0;4m▀[0m[38;2;2;5;7m[48;2;108;112;8m▀[0m[38;2;169;169;9m[48;2;230;223;3m▀[0m[38;2;181;180;5m[48;2;210;204;3m▀[0m[38;2;84;89;5m[48;2;239;233;3m▀[0m[38;2;60;65;3m[48;2;102;105;1m▀[0m[38;2;33;36;1m[48;2;0;0;0m▀[0m[38;2;32;34;1m[48;2;0;0;0m▀[0m[38;2;61;66;1m[48;2;113;117;1m▀[0m[38;2;90;94;1m[48;2;246;246;1m▀[0m[38;2;188;205;0m[48;2;223;220;1m▀[0m[38;2;223;174;5m[48;2;233;250;1m▀[0m[38;2;185;1;2m[48;2;210;116;5m▀[0m[38;2;191;3;0m[48;2;188;0;0m▀[0m[38;2;188;3;2m[48;2;186;7;4m▀[0m[38;2;185;0;0m[48;2;183;1;1m▀[0m[38;2;236;199;200m[48;2;231;166;167m▀[0m[38;2;95;119;120m[48;2;125;154;156m▀[0m
[38;2;148;160;161m[48;2;144;158;158m▀[0m[38;2;101;111;111m[48;2;100;111;111m▀[0m[38;2;0;0;0m[48;2;0;0;0m▀[0m[38;2;0;1;5m[48;2;3;4;5m▀[0m[38;2;44;49;5m[48;2;160;162;5m▀[0m[38;2;215;211;4m[48;2;215;212;1m▀[0m[38;2;212;208;2m[48;2;216;213;2m▀[0m[38;2;204;202;2m[48;2;162;166;1m▀[0m[38;2;223;221;2m[48;2;84;92;1m▀[0m[38;2;94;97;1m[48;2;66;72;0m▀[0m[38;2;0;0;0m[48;2;48;53;0m▀[0m[38;2;0;0;0m[48;2;49;54;0m▀[0m[38;2;105;110;0m[48;2;70;77;0m▀[0m[38;2;232;235;1m[48;2;90;99;1m▀[0m[38;2;224;225;1m[48;2;191;196;1m▀[0m[38;2;232;233;0m[48;2;239;237;1m▀[0m[38;2;233;238;3m[48;2;233;244;0m▀[0m[38;2;197;45;4m[48;2;221;176;5m▀[0m[38;2;185;0;3m[48;2;187;2;5m▀[0m[38;2;182;0;0m[48;2;180;0;0m▀[0m[38;2;226;150;151m[48;2;225;152;153m▀[0m[38;2;143;174;175m[48;2;140;170;171m▀[0m
[38;2;127;142;143m[48;2;98;111;112m▀[0m[38;2;113;126;124m[48;2;139;155;155m▀[0m[38;2;1;1;0m[48;2;0;0;0m▀[0m[38;2;67;71;7m[48;2;154;158;5m▀[0m[38;2;214;214;1m[48;2;209;210;0m▀[0m[38;2;199;198;0m[48;2;200;202;1m▀[0m[38;2;219;218;1m[48;2;209;210;1m▀[0m[38;2;148;152;1m[48;2;196;198;1m▀[0m[38;2;43;48;0m[48;2;195;198;1m▀[0m[38;2;49;53;0m[48;2;112;117;0m▀[0m[38;2;46;50;0m[48;2;0;0;0m▀[0m[38;2;47;51;0m[48;2;0;0;0m▀[0m[38;2;51;55;0m[48;2;130;134;0m▀[0m[38;2;46;52;0m[48;2;209;212;1m▀[0m[38;2;177;181;0m[48;2;219;221;1m▀[0m[38;2;243;243;1m[48;2;234;235;1m▀[0m[38;2;229;228;0m[48;2;231;230;1m▀[0m[38;2;234;246;2m[48;2;234;246;0m▀[0m[38;2;203;71;8m[48;2;221;175;7m▀[0m[38;2;182;1;0m[48;2;184;0;0m▀[0m[38;2;232;173;171m[48;2;237;201;199m▀[0m[38;2;124;153;154m[48;2;93;117;118m▀[0m
[38;2;61;70;68m[48;2;16;19;17m▀[0m[38;2;156;175;185m[48;2;159;181;195m▀[0m[38;2;33;37;1m[48;2;142;156;43m▀[0m[38;2;201;203;1m[48;2;203;202;0m▀[0m[38;2;200;200;0m[48;2;199;200;2m▀[0m[38;2;204;205;1m[48;2;204;205;1m▀[0m[38;2;207;208;1m[48;2;208;209;1m▀[0m[38;2;211;212;1m[48;2;207;209;1m▀[0m[38;2;239;238;1m[48;2;225;228;1m▀[0m[38;2;137;141;0m[48;2;148;154;1m▀[0m[38;2;0;0;0m[48;2;39;43;0m▀[0m[38;2;0;0;0m[48;2;39;43;0m▀[0m[38;2;160;163;0m[48;2;167;174;1m▀[0m[38;2;255;255;1m[48;2;241;244;1m▀[0m[38;2;231;232;1m[48;2;230;232;1m▀[0m[38;2;232;233;1m[48;2;232;233;1m▀[0m[38;2;232;233;1m[48;2;232;233;1m▀[0m[38;2;232;234;1m[48;2;232;232;3m▀[0m[38;2;232;233;1m[48;2;231;237;0m▀[0m[38;2;197;45;9m[48;2;232;190;68m▀[0m[38;2;230;217;227m[48;2;201;211;228m▀[0m[38;2;51;68;66m[48;2;7;12;10m▀[0m
[38;2;11;17;15m[48;2;50;67;66m▀[0m[38;2;172;180;194m[48;2;189;175;186m▀[0m[38;2;194;163;46m[48;2;165;45;3m▀[0m[38;2;196;202;0m[48;2;199;205;1m▀[0m[38;2;201;201;2m[48;2;200;200;1m▀[0m[38;2;202;203;1m[48;2;201;202;1m▀[0m[38;2;220;221;1m[48;2;223;223;1m▀[0m[38;2;144;149;0m[48;2;131;135;0m▀[0m[38;2;36;40;0m[48;2;0;0;0m▀[0m[38;2;38;43;0m[48;2;38;43;0m▀[0m[38;2;118;126;0m[48;2;83;90;0m▀[0m[38;2;109;117;0m[48;2;79;85;0m▀[0m[38;2;39;44;0m[48;2;35;41;0m▀[0m[38;2;40;44;0m[48;2;0;0;0m▀[0m[38;2;177;181;1m[48;2;162;166;1m▀[0m[38;2;243;244;1m[48;2;246;247;1m▀[0m[38;2;229;231;1m[48;2;229;230;1m▀[0m[38;2;231;232;4m[48;2;232;233;1m▀[0m[38;2;236;236;0m[48;2;234;236;1m▀[0m[38;2;178;193;69m[48;2;43;49;9m▀[0m[38;2;189;209;226m[48;2;194;213;224m▀[0m[38;2;7;10;7m[48;2;56;64;62m▀[0m
[38;2;84;110;112m[48;2;112;140;141m▀[0m[38;2;190;157;158m[48;2;187;130;128m▀[0m[38;2;154;0;0m[48;2;152;1;0m▀[0m[38;2;190;165;6m[48;2;176;75;7m▀[0m[38;2;202;209;0m[48;2;202;213;1m▀[0m[38;2;200;200;1m[48;2;200;199;0m▀[0m[38;2;222;223;1m[48;2;218;219;1m▀[0m[38;2;132;136;1m[48;2;153;157;1m▀[0m[38;2;0;0;0m[48;2;38;41;0m▀[0m[38;2;60;66;0m[48;2;99;106;0m▀[0m[38;2;67;75;0m[48;2;62;67;0m▀[0m[38;2;63;72;0m[48;2;69;76;0m▀[0m[38;2;48;55;0m[48;2;83;91;0m▀[0m[38;2;0;0;0m[48;2;30;33;0m▀[0m[38;2;164;167;1m[48;2;176;180;1m▀[0m[38;2;246;247;1m[48;2;244;245;1m▀[0m[38;2;226;227;1m[48;2;226;227;0m▀[0m[38;2;244;245;0m[48;2;245;247;2m▀[0m[38;2;175;180;6m[48;2;71;76;8m▀[0m[38;2;0;0;0m[48;2;1;1;0m▀[0m[38;2;185;202;202m[48;2;158;174;172m▀[0m[38;2;104;116;116m[48;2;134;149;150m▀[0m
[38;2;127;156;157m[48;2;129;157;159m▀[0m[38;2;183;109;110m[48;2;182;107;108m▀[0m[38;2;154;0;0m[48;2;154;0;0m▀[0m[38;2;162;5;5m[48;2;160;0;3m▀[0m[38;2;194;163;3m[48;2;170;54;4m▀[0m[38;2;203;211;0m[48;2;199;209;2m▀[0m[38;2;210;208;1m[48;2;220;219;0m▀[0m[38;2;190;193;1m[48;2;119;123;1m▀[0m[38;2;74;80;0m[48;2;0;0;0m▀[0m[38;2;57;62;0m[48;2;0;0;0m▀[0m[38;2;79;87;1m[48;2;47;53;0m▀[0m[38;2;83;91;1m[48;2;53;59;0m▀[0m[38;2;83;90;0m[48;2;63;69;0m▀[0m[38;2;78;87;1m[48;2;100;107;1m▀[0m[38;2;185;190;1m[48;2;218;221;1m▀[0m[38;2;238;239;1m[48;2;235;235;0m▀[0m[38;2;243;243;0m[48;2;234;238;2m▀[0m[38;2;174;180;4m[48;2;43;47;3m▀[0m[38;2;2;3;5m[48;2;1;0;4m▀[0m[38;2;0;0;0m[48;2;0;0;0m▀[0m[38;2;137;152;153m[48;2;134;149;150m▀[0m[38;2;149;165;167m[48;2;152;168;169m▀[0m
[38;2;117;144;146m[48;2;88;111;112m▀[0m[38;2;182;117;119m[48;2;185;149;150m▀[0m[38;2;149;0;0m[48;2;148;0;0m▀[0m[38;2;159;6;3m[48;2;155;3;2m▀[0m[38;2;157;0;1m[48;2;161;2;0m▀[0m[38;2;181;119;5m[48;2;158;6;2m▀[0m[38;2;211;225;0m[48;2;202;173;4m▀[0m[38;2;182;182;1m[48;2;157;169;0m▀[0m[38;2;76;81;0m[48;2;69;72;0m▀[0m[38;2;47;52;0m[48;2;68;75;0m▀[0m[38;2;42;47;0m[48;2;71;78;0m▀[0m[38;2;36;42;0m[48;2;68;75;0m▀[0m[38;2;0;0;0m[48;2;33;36;0m▀[0m[38;2;0;0;0m[48;2;50;54;0m▀[0m[38;2;149;154;1m[48;2;212;215;0m▀[0m[38;2;255;255;1m[48;2;175;180;4m▀[0m[38;2;109;115;4m[48;2;1;2;2m▀[0m[38;2;0;0;0m[48;2;3;3;0m▀[0m[38;2;7;7;4m[48;2;3;3;2m▀[0m[38;2;1;1;1m[48;2;0;0;0m▀[0m[38;2;148;164;165m[48;2;179;196;197m▀[0m[38;2;139;155;156m[48;2;110;122;123m▀[0m
[38;2;42;54;55m[48;2;3;4;5m▀[0m[38;2;184;183;185m[48;2;152;178;180m▀[0m[38;2;153;5;5m[48;2;170;68;68m▀[0m[38;2;158;1;1m[48;2;152;0;0m▀[0m[38;2;160;2;1m[48;2;159;3;4m▀[0m[38;2;156;0;0m[48;2;159;2;0m▀[0m[38;2;168;21;2m[48;2;162;0;0m▀[0m[38;2;193;179;3m[48;2;171;31;3m▀[0m[38;2;191;202;0m[48;2;204;186;3m▀[0m[38;2;194;192;1m[48;2;213;224;0m▀[0m[38;2;197;199;1m[48;2;213;211;2m▀[0m[38;2;200;202;1m[48;2;213;214;2m▀[0m[38;2;207;209;1m[48;2;235;235;1m▀[0m[38;2;240;242;0m[48;2;177;182;3m▀[0m[38;2;195;200;4m[48;2;19;22;2m▀[0m[38;2;14;16;2m[48;2;0;0;0m▀[0m[38;2;1;1;0m[48;2;2;2;0m▀[0m[38;2;2;3;1m[48;2;4;5;5m▀[0m[38;2;1;1;1m[48;2;0;0;0m▀[0m[38;2;10;13;13m[48;2;89;98;98m▀[0m[38;2;209;228;229m[48;2;202;217;218m▀[0m[38;2;45;53;53m[48;2;0;0;0m▀[0m
[38;2;0;0;0m[48;2;2;2;2m▀[0m[38;2;68;84;86m[48;2;0;0;0m▀[0m[38;2;196;187;189m[48;2;123;148;150m▀[0m[38;2;146;1;1m[48;2;193;160;162m▀[0m[38;2;154;0;0m[48;2;152;9;9m▀[0m[38;2;161;4;4m[48;2;149;0;0m▀[0m[38;2;163;4;2m[48;2;154;0;0m▀[0m[38;2;163;0;2m[48;2;157;0;0m▀[0m[38;2;168;21;5m[48;2;157;0;0m▀[0m[38;2;197;156;7m[48;2;160;0;0m▀[0m[38;2;207;215;0m[48;2;201;133;38m▀[0m[38;2;219;219;0m[48;2;107;122;33m▀[0m[38;2;151;156;7m[48;2;0;0;0m▀[0m[38;2;15;18;5m[48;2;0;0;0m▀[0m[38;2;0;0;2m[48;2;0;0;0m▀[0m[38;2;4;5;3m[48;2;0;0;0m▀[0m[38;2;4;5;5m[48;2;0;0;0m▀[0m[38;2;0;0;0m[48;2;15;18;19m▀[0m[38;2;5;8;8m[48;2;192;205;205m▀[0m[38;2;222;238;239m[48;2;152;168;168m▀[0m[38;2;81;91;91m[48;2;0;0;0m▀[0m[38;2;0;1;0m[48;2;5;11;9m▀[0m
[38;2;1;1;1m[48;2;0;0;0m▀[0m[38;2;1;2;2m[48;2;0;0;1m▀[0m[38;2;2;2;2m[48;2;0;0;0m▀[0m[38;2;108;129;131m[48;2;0;0;0m▀[0m[38;2;184;181;184m[48;2;39;51;52m▀[0m[38;2;181;110;111m[48;2;110;135;137m▀[0m[38;2;175;66;67m[48;2;142;165;166m▀[0m[38;2;173;62;63m[48;2;146;169;171m▀[0m[38;2;185;93;93m[48;2;129;156;158m▀[0m[38;2;197;155;156m[48;2;81;105;106m▀[0m[38;2;179;182;196m[48;2;13;22;19m▀[0m[38;2;160;181;196m[48;2;21;24;22m▀[0m[38;2;137;154;155m[48;2;99;112;113m▀[0m[38;2;84;94;95m[48;2;152;168;170m▀[0m[38;2;59;67;67m[48;2;169;187;189m▀[0m[38;2;68;76;76m[48;2;169;186;187m▀[0m[38;2;117;129;130m[48;2;139;153;154m▀[0m[38;2;199;213;214m[48;2;46;56;55m▀[0m[38;2;139;150;150m[48;2;0;0;0m▀[0m[38;2;0;3;2m[48;2;5;12;10m▀[0m[38;2;5;9;8m[48;2;6;16;14m▀[0m[38;2;6;15;13m[48;2;7;20;17m▀[0m